***,Before,***
36,-40,-59,37,-47,-29,-4,12,49,45,37,49,-31,16,20,19,-26,-30,-21,18,
43,16,43,-3,37,-5,-11,-46,4,38,27,-38,35,30,37,59,-29,26,-55,52,
-25,-48,30,33,-42,-55,54,26,54,-23,47,13,28,31,-53,54,-10,-50,-24,12,
-17,16,-1,13,3,-34,-56,-7,34,-44,15,-58,25,-38,-12,-34,42,12,-29,-59,
34,4,39,-5,21,-32,-54,-58,-51,-45,-51,28,-59,45,44,8,52,-52,15,24,
21,-35,2,16,57,-2,-28,-54,41,-18,34,-28,46,-2,28,13,-38,37,-32,-34,
-18,41,-23,-54,-5,36,-44,-2,38,1,4,-24,39,-41,42,48,-57,-3,-26,26,
-29,25,-39,-14,7,-50,4,41,-21,21,-18,27,-29,19,-3,-57,-27,21,-4,-27,
43,-31,-38,37,-24,16,-52,-49,11,-49,20,59,9,-24,0,-7,-39,-22,-37,-2,
58,-43,-24,-53,-50,16,-3,27,36,-28,-29,-21,-41,-26,57,12,-23,31,-19,55,
-38,-43,36,-51,-57,48,42,-58,-17,-47,-32,23,-26,-46,46,-52,48,21,50,-17,
47,21,-44,2,42,10,59,-12,29,11,12,24,-11,53,-1,23,-27,59,-57,45,
25,19,-54,30,19,12,-24,-40,-38,-6,-26,1,-15,41,53,7,-27,-37,-4,50,
-51,-30,-34,-55,-24,44,18,-56,56,33,-38,-38,1,-34,0,-27,19,-30,2,-35,
15,-34,12,6,-46,-56,1,57,-9,-28,-37,7,37,-13,-1,-24,-40,-56,52,5,
-4,-7,1,-32,38,-58,-8,-12,-56,6,-57,57,-38,-21,-35,3,-20,-17,8,10,
-50,50,5,44,-39,-6,-48,12,-38,36,-47,-57,46,8,-54,44,55,31,-41,-40,
-27,55,5,27,13,54,21,5,-20,-35,22,-30,56,3,-9,-9,43,26,-53,-24,
43,-37,-4,0,-22,-10,50,-55,18,-40,-29,-57,10,-8,23,33,-38,59,53,50,
-41,41,20,51,-6,48,-11,57,-44,59,33,35,3,21,-11,51,-4,-19,39,-19,

***,After,***
18,-3,-8,-7,-6,-16,-12,6,23,36,32,14,10,12,26,10,-2,-24,-5,8,
3,-1,0,3,-9,-12,-7,15,17,30,21,18,14,12,23,7,1,-25,-8,7,
-2,6,11,12,-6,-13,-15,5,4,16,-3,10,3,9,8,6,7,-13,-13,-11,
-5,3,9,10,-11,-22,-24,-7,-13,-8,-14,-2,1,1,5,10,2,-5,-17,-10,
6,6,5,16,4,-14,-37,-26,-23,-10,-19,-6,-5,8,5,11,4,0,-14,-21,
9,7,-2,5,3,-6,-27,-24,-17,-6,-11,-2,0,15,20,15,0,-12,-5,-2,
-3,-7,-9,-6,-1,-3,-11,-3,5,9,-1,5,0,10,5,-6,-7,-15,-5,-15,
3,-8,-11,-17,-6,-13,-12,-9,-1,0,4,9,3,1,-3,-12,-16,-22,-9,-9,
10,-9,-20,-22,-13,-16,-6,-1,-2,-7,-2,-3,-3,-5,-4,-10,-13,-14,-1,-1,
0,-9,-24,-25,-14,-8,-2,-7,-20,-15,-12,-5,-11,-6,-5,4,-4,1,6,7,
7,-4,-23,-23,-11,11,14,11,-7,-8,-10,-12,-8,0,7,9,10,9,18,15,
7,-4,-10,-9,6,16,4,-7,-20,-13,-5,-6,4,10,13,7,1,2,12,16,
5,-12,-17,-14,8,17,1,-1,-3,3,-4,-10,2,9,12,2,-5,-12,-1,6,
-8,-15,-16,-17,-8,-7,-5,-4,-4,-11,-15,-12,-2,7,0,-5,-24,-14,-6,9,
-17,-15,-20,-15,-21,-11,-8,-1,-1,-15,-11,-12,-5,-12,-17,-14,-22,-10,-7,2,
-8,-2,4,-2,-17,-25,-14,-12,-4,-26,-14,-10,2,-8,-11,-8,-3,-4,-6,-4,
-8,3,16,6,4,-4,-5,-16,-12,-21,-12,-6,2,-5,-8,1,17,3,-12,-22,
0,4,16,3,6,1,2,-7,-13,-15,-27,-10,-4,8,3,9,27,15,6,-8,
1,6,17,9,17,15,17,2,-7,-4,-5,4,3,9,10,8,15,11,12,5,
-4,4,20,11,17,8,19,1,7,5,14,7,6,5,18,9,12,11,18,17,